5075186984
5389138609	
5559859041	
5074351995	
5374803464	
5512364252	
5544759544	
5396321610	
5324734170	
5075490488	
5555626517	
5423323388	
5323948800	
5445986566	
5362702401	
5336083627	
5356346699	
5342081222	
5363014098	
5395119302	
5398885478	
5514077055	
5554403578	
5323250180	
5380930166	
5336851517	
5068517000	
5068517049	
5307896224	
5054002811	
5312625922	
5340815599	
5356255292	
5357692187	
5317009101	
5364309096	
5438809268	
5359235768	
5315965708	
5385226194	
5386896520	
5301525343	
5363867446	
5422303636	
5442830040	
5363426841	
5422581759	
5333755282	
5367885143	
5330261938	
5439217122	
5398152934	
5417780558	
5367420937	
5389888133	
5318609267	
5345150035	
5326820035	
5386820035	
5384145518	
5324056816	
5364565676	
5347741875	
5358529406	
5332585932	
5372307766	
5327414618	
5313078950	
5395170990	
5333099777	
5350179623	
5363416504	
5363416504	
5346165411	
5365486724	
5327644570	
5336378100	
5384181895	
5074643367	
5439771741	
5383231146	
5309543909	
5438195649	
5395591097	
5558278909	
5456008907	
5356898661	
5438154466	
5322407219	
5548742018	
5357403284	
5339306389	
5412565927	
5376442904	
5322750100	
5438194022	
5312957160	
5327018638	
5337369994	
5376941533	
5424372762	
5323332402	
5323250129	
5333792443	
5065453579	
5374583839	
5057758721	
5335743296	
5326095951	